# start length peak_entropy
0 1 7.258124
1 1 6.735139
2 1 7.138619
3 1 7.144944
4 1 7.278258
5 1 7.105972
6 1 7.264383
7 1 7.334046
8 1 7.326339
9 1 7.335162
10 1 7.377170
11 1 7.285898
12 1 7.182897
13 1 7.233184
14 1 7.332163
15 1 7.340880
16 1 7.265533
17 1 7.308465
18 1 7.033055
19 1 7.305486
20 1 7.335804
21 1 7.412716
22 1 7.368434
23 1 7.022388
24 1 7.367270
25 1 7.299932
26 1 7.321542
27 1 7.257592
28 1 7.316598
29 1 7.223060
30 1 7.272552
31 1 7.415983
32 1 7.237697
33 1 7.210322
34 1 7.241090
35 1 7.302381
36 1 7.266613
37 1 7.209807
38 1 7.236331
39 1 7.343765
40 1 7.348982
41 1 7.362960
42 1 7.289899
43 1 7.310023
44 1 7.390167
45 1 7.278674
46 1 7.306120
47 1 7.183827
48 1 7.267060
49 1 7.308818
50 1 7.274879
51 1 7.298348
52 1 7.208056
53 1 7.278172
54 1 7.288684
55 1 7.181435
56 1 7.307938
57 1 7.361946
58 1 7.175347
59 1 7.417573
60 1 7.192718
61 1 7.262714
62 1 7.399958
63 1 7.195043
64 1 7.171774
65 1 7.256140
66 1 7.390376
67 1 7.168607
68 1 7.373736
69 1 7.193687
70 1 7.219512
71 1 7.287051
72 1 7.348382
73 1 7.402794
74 1 7.332163
75 1 7.167175
76 1 7.431172
77 1 7.277341
78 1 7.332830
79 1 7.300561
80 1 7.277111
81 1 7.314666
82 1 7.415106
83 1 7.267562
84 1 7.334775
85 1 7.074523
86 1 7.392644
87 1 7.329714
88 1 7.311090
89 1 7.221379
90 1 7.234159
91 1 7.473668
92 1 7.339860
93 1 7.293367
94 1 7.327974
95 1 7.200828
96 1 7.418208
97 1 7.265620
98 1 7.415497
99 1 7.111170
100 1 7.352609
101 1 7.336431
102 1 7.306024
103 1 7.331329
104 1 7.368103
105 1 7.310937
106 1 7.381305
107 1 7.308182
108 1 7.345820
109 1 7.210619
110 1 7.320086
111 1 7.239615
112 1 7.395546
113 1 7.394736
114 1 7.109289
115 1 7.420161
116 1 7.297057
117 1 7.463636
118 1 7.412098
119 1 7.330437
120 1 7.393476
121 1 7.215968
122 1 7.141483
123 1 7.287349
124 1 7.301959
125 1 7.385646
126 1 6.933586
127 1 7.360518
128 1 7.278123
129 1 7.432270
130 1 7.319568
131 1 7.267002
132 1 7.254259
133 1 7.346924
134 1 7.475647
135 1 7.468317
136 1 7.369010
137 1 7.444999
138 1 7.230584
139 1 7.359709
140 1 7.212912
141 1 7.251562
142 1 7.326682
143 1 7.325580
144 1 6.512642
145 1 7.267515
146 1 7.240462
147 1 7.346789
148 1 7.232816
149 1 7.515018
150 1 7.245347
151 1 7.357332
152 1 7.321653
153 1 7.293368
154 1 7.324314
155 1 7.083730
156 1 7.135273
157 1 7.432530
158 1 7.294269
159 1 7.358850
160 1 7.362790
161 1 7.334527
162 1 7.242923
163 1 7.220087
164 1 7.349477
165 1 7.195070
166 1 7.123679
167 1 7.303003
168 1 7.349665
169 1 7.375287
170 1 7.347549
171 1 7.350537
172 1 7.335203
173 1 7.251572
174 1 7.026455
175 1 7.394764
176 1 7.148002
177 1 7.273375
178 1 7.421874
179 1 7.312942
180 1 7.245315
181 1 7.175022
182 1 7.333052
183 1 7.290834
184 1 7.295712
185 1 7.347597
186 1 7.158201
187 1 7.064983
188 1 7.301789
189 1 7.227532
190 1 7.399179
191 1 7.361528
192 1 7.144230
193 1 7.281941
194 1 7.363410
195 1 7.152247
196 1 7.383520
197 1 7.446990
198 1 7.295495
199 1 7.374182
200 1 7.394785
201 1 7.320262
202 1 7.438984
203 1 7.337762
204 1 7.334025
205 1 7.177200
206 1 7.294474
207 1 7.367558
208 1 7.356439
209 1 7.452080
210 1 7.042353
211 1 7.349446
212 1 6.776433
213 1 7.383931
214 1 7.201779
215 1 7.249490
216 1 7.376451
217 1 7.210031
218 1 7.156135
219 1 7.194547
220 1 7.329733
221 1 7.348036
222 1 7.397169
223 1 7.324122
224 1 7.358731
225 1 7.041691
226 1 7.407260
227 1 7.282842
228 1 7.291806
229 1 7.340509
230 1 7.217513
231 1 7.235060
232 1 7.385094
233 1 7.302135
234 1 7.400345
235 1 7.218881
236 1 7.187027
237 1 7.211605
238 1 7.221761
239 1 7.251415
240 1 7.210656
241 1 7.360350
242 1 7.135037
243 1 7.256578
244 1 7.274105
245 1 7.471902
246 1 7.387933
247 1 7.374964
248 1 7.352236
249 1 7.306941
250 1 7.344414
251 1 7.359610
252 1 7.384833
253 1 7.344187
254 1 7.250153
255 1 7.070967
256 1 7.370005
257 1 7.225044
258 1 7.163945
259 1 7.341420
260 1 7.301416
261 1 7.378621
262 1 7.240325
263 1 7.200724
264 1 7.367648
265 1 7.347156
266 1 7.256504
267 1 7.261862
268 1 7.314301
269 1 7.278452
270 1 7.304987
271 1 7.386405
272 1 7.280932
273 1 7.222732
274 1 7.290700
275 1 7.067410
276 1 7.253974
277 1 7.307470
278 1 7.385523
279 1 7.049746
280 1 7.368151
281 1 7.241297
282 1 7.309251
283 1 7.192191
284 1 7.275142
285 1 7.379319
286 1 7.378126
287 1 7.271207
288 1 7.398530
289 1 7.126290
290 1 7.286067
291 1 7.411452
292 1 7.348869
293 1 7.171178
294 1 6.934152
295 1 7.189990
296 1 7.324423
297 1 7.319348
298 1 7.328550
299 1 7.363064
300 1 7.412441
301 1 7.285625
302 1 7.400147
303 1 7.243225
304 1 7.277926
305 1 7.289593
306 1 7.506866
307 1 7.305419
308 1 7.035707
309 1 7.315993
310 1 7.348295
311 1 7.384033
312 1 7.214117
313 1 7.211198
314 1 7.176549
315 1 7.102560
316 1 6.772624
317 1 7.430742
318 1 7.177687
319 1 7.439882
320 1 7.367946
321 1 7.336782
322 1 7.154026
323 1 7.277218
324 1 7.423210
325 1 7.378363
326 1 7.390565
327 1 7.495634
328 1 7.292686
329 1 7.267738
330 1 7.206042
331 1 7.446486
332 1 7.191922
333 1 7.219986
334 1 7.260856
335 1 7.377347
336 1 7.310723
337 1 7.400275
338 1 7.243354
339 1 7.333554
340 1 7.301637
341 1 7.279850
342 1 7.419384
343 1 7.207882
344 1 7.394487
345 1 7.303667
346 1 7.376325
347 1 7.298808
348 1 7.296899
349 1 7.298476
350 1 7.130727
351 1 7.172983
352 1 7.292049
353 1 7.281771
354 1 7.305201
355 1 7.265572
356 1 7.186810
357 1 7.327921
358 1 7.400523
359 1 7.353865
360 1 7.357697
361 1 7.318972
362 1 7.135199
363 1 7.337901
364 1 7.038515
365 1 7.092273
366 1 7.026309
367 1 7.397865
368 1 7.351911
369 1 7.206515
370 1 7.265959
371 1 7.150892
372 1 7.365848
373 1 7.231225
374 1 7.170002
375 1 7.235076
376 1 7.360539
377 1 7.185769
378 1 7.462378
379 1 7.260102
380 1 7.245607
381 1 7.285241
382 1 7.304500
383 1 7.363386
384 1 7.377768
385 1 7.227836
386 1 7.323076
387 1 7.411172
388 1 7.267379
389 1 7.440963
390 1 7.174374
391 1 7.296102
392 1 7.285763
393 1 7.256760
394 1 7.411059
395 1 7.407534
396 1 7.442611
397 1 7.361999
398 1 7.321684
399 1 7.367087
400 1 7.301229
401 1 7.330049
402 1 7.385475
403 1 7.327339
404 1 7.369836
405 1 7.140454
406 1 7.326149
407 1 7.281823
408 1 7.344235
409 1 7.201575
410 1 7.393857
411 1 7.343349
412 1 7.291112
413 1 7.360406
414 1 7.168363
415 1 7.308970
416 1 7.201582
417 1 7.072197
418 1 7.267241
419 1 7.294946
420 1 7.454422
421 1 7.146464
422 1 7.371925
423 1 7.215450
424 1 7.156295
425 1 7.222929
426 1 7.397999
427 1 7.132540
428 1 7.145759
429 1 7.207213
430 1 7.125382
431 1 7.396858
432 1 7.254283
433 1 7.207456
434 1 7.443819
435 1 7.315656
436 1 7.399970
437 1 7.378935
438 1 7.369401
439 1 7.466150
440 1 7.284270
441 1 7.377898
442 1 7.138788
443 1 7.313370
444 1 7.354794
445 1 7.268910
446 1 7.177145
447 1 7.279658
448 1 7.312866
449 1 7.241129
450 1 7.387870
451 1 7.420515
452 1 7.476729
453 1 7.192548
454 1 7.166868
455 1 7.262948
456 1 7.365705
457 1 7.189151
458 1 7.385583
459 1 7.273458
460 1 7.255225
461 1 7.302709
462 1 7.333658
463 1 7.401759
464 1 7.357307
465 1 7.383955
466 1 7.366786
467 1 7.504356
468 1 7.307091
469 1 7.269774
470 1 7.256659
471 1 7.321343
472 1 7.299887
473 1 7.377212
474 1 7.410379
475 1 7.171120
476 1 7.406549
477 1 7.346374
478 1 7.349524
479 1 7.341830
480 1 7.377431
481 1 7.302505
482 1 7.339143
483 1 6.949174
484 1 7.245724
485 1 7.329514
486 1 7.374915
487 1 7.390267
488 1 7.367767
489 1 7.294064
490 1 7.423444
491 1 7.364976
492 1 7.330605
493 1 7.245174
494 1 6.972350
495 1 7.371604
496 1 7.316601
497 1 7.385659
498 1 7.305490
499 1 7.356864
500 1 7.254365
501 1 7.235218
502 1 7.377559
503 1 7.165496
504 1 7.336501
505 1 7.200907
506 1 7.387158
507 1 7.280457
508 1 7.235357
509 1 7.255099
510 1 6.940073
511 1 7.154927
